217	17.09
214	9.55
211	16.27
133	16.14
130	34.68
136	10.90
139	59.20
25	15.00
22	21.46
160	19.59
28	27.69
4	14.50
163	15.37
121	13.65
124	28.47
265	9.10
127	15.08
58	6.04
55	24.30
52	16.92
199	16.95
178	6.46
190	18.80
193	13.73
115	13.63
88	21.16
145	12.32
112	13.96
82	14.16
205	24.64
118	11.71
85	19.27
7	12.78
244	16.34
247	15.59
109	60.23
241	14.75
100	14.96
106	13.67
31	24.42
37	15.64
34	15.38
61	14.85
259	14.69
64	12.83
67	18.92
253	21.80
175	12.34
256	15.62
172	15.56
181	15.36
187	38.61
184	16.32
250	16.28
196	17.17
169	15.34
229	12.79
91	20.40
226	16.07
166	14.35
223	14.45
94	18.90
97	15.20
220	11.60
10	49.43
13	19.01
16	21.45
19	12.01
151	12.73
154	23.97
157	20.02
238	12.42
235	16.45
232	16.63
49	13.50
46	17.16
43	15.12
40	16.08
1	7.81
202	15.74
142	13.37
208	26.12
148	16.19
76	21.25
73	20.37
70	24.72
79	14.70
262	12.35
