216	27.96
213	15.92
210	17.50
219	44.98
132	43.33
135	17.63
90	13.69
138	36.84
225	14.44
24	13.06
27	8.27
21	20.06
120	13.32
261	21.36
123	15.04
126	18.10
264	14.33
129	13.77
54	16.55
57	13.97
51	15.80
198	12.77
195	20.34
192	17.76
252	19.36
117	18.92
111	11.17
81	12.60
87	19.95
84	11.45
3	21.17
108	13.76
246	15.24
240	13.61
243	15.86
102	21.65
249	14.45
105	19.55
39	17.77
33	17.61
30	24.57
36	16.39
60	12.09
258	20.00
63	18.73
66	17.33
177	18.68
69	16.25
174	12.58
171	12.39
255	15.83
183	11.59
180	29.57
186	16.32
6	7.05
189	14.68
99	12.20
168	12.40
228	15.35
165	17.98
93	33.51
222	29.25
162	14.61
96	15.27
12	23.87
15	14.14
114	15.43
18	13.86
150	18.03
153	13.11
156	18.90
159	13.72
234	14.51
237	11.87
231	16.35
48	14.20
45	17.98
42	12.47
9	84.05
201	9.44
147	12.69
144	16.31
204	3.18
207	8.06
141	11.77
75	12.42
72	19.18
78	12.50
