215	48.06
212	20.64
218	20.21
227	14.07
131	13.66
137	13.29
134	15.36
26	11.57
224	13.22
20	13.66
23	12.34
29	21.45
8	17.01
263	11.67
122	26.70
260	15.02
125	15.41
128	14.41
59	16.30
56	19.62
50	14.38
53	16.67
194	24.51
197	15.21
191	15.98
116	15.15
110	3.00
113	14.49
83	15.39
80	14.67
119	15.84
92	17.06
245	8.33
242	13.75
101	18.12
107	13.68
104	23.00
38	50.52
32	19.68
35	18.96
62	14.83
65	16.47
179	14.01
68	14.84
176	30.29
251	11.41
173	14.16
257	14.94
254	18.54
170	14.21
248	15.25
182	13.48
2	37.70
185	18.28
188	15.66
98	11.82
164	14.94
167	14.52
95	17.37
161	15.10
221	13.92
11	16.73
14	16.39
17	13.54
89	15.52
152	13.67
155	26.55
158	16.09
239	12.64
236	12.26
230	16.44
233	14.76
86	13.94
44	11.50
41	12.47
5	11.00
146	14.56
200	12.38
203	26.73
143	12.62
140	13.44
206	13.12
209	18.65
149	16.28
77	19.47
74	12.14
71	15.84
47	16.11
