1	10.34	86.65
4	1.57	14.65
7	1.07	13.70
10	6.90	64.10
13	2.46	20.03
16	3.20	25.94
19	2.07	26.07
22	1.85	29.40
25	1.75	16.05
28	4.72	46.12
31	2.49	27.28
34	1.72	16.18
37	1.50	15.07
40	2.12	17.60
43	1.42	13.49
46	2.81	34.11
49	1.46	14.63
52	2.36	18.25
55	2.55	26.88
58	6.19	43.03
61	1.47	15.99
64	4.29	37.80
67	2.22	21.63
70	3.98	36.94
73	1.70	22.46
76	3.10	27.54
79	1.70	14.38
82	1.09	16.90
85	1.14	17.20
88	2.51	21.57
91	1.83	23.55
94	0.57	17.44
97	1.53	15.53
100	1.44	14.18
106	1.76	15.73
109	8.79	49.23
112	1.75	15.95
115	1.80	18.41
118	3.04	25.96
121	2.25	24.66
124	5.32	62.97
127	1.64	18.56
130	5.38	51.40
133	1.78	18.83
136	0.69	16.81
139	3.06	33.08
142	1.50	13.38
145	1.66	17.42
148	1.82	15.83
151	1.43	13.32
154	4.62	50.73
157	3.47	34.40
160	2.50	25.90
163	1.66	14.81
166	1.69	14.95
169	1.09	16.96
172	9.60	55.76
175	3.72	29.10
178	1.47	12.07
181	1.84	16.23
184	6.40	54.97
187	5.96	33.15
190	1.71	16.81
193	0.62	13.40
196	1.99	23.10
199	2.81	20.02
202	1.87	19.27
205	2.44	29.37
208	2.74	35.56
211	1.70	14.91
214	3.15	40.62
217	0.96	12.93
220	1.44	19.13
223	1.85	19.16
226	1.49	17.45
229	1.50	13.29
232	1.78	21.23
235	0.88	17.00
238	1.46	13.21
241	1.25	20.37
244	1.71	18.14
247	1.18	16.24
250	1.12	19.62
253	5.22	55.28
256	1.71	15.75
259	2.17	24.84
262	1.53	13.45
265	9.07	80.83
