3	1.59	22.80
6	1.73	35.76
9	2.46	27.23
12	1.80	20.44
15	4.40	37.96
18	0.84	16.04
21	2.21	26.62
24	1.47	13.86
27	5.20	58.99
30	10.38	40.54
33	2.26	18.69
36	1.72	16.22
39	2.62	27.13
42	0.90	12.75
45	1.64	16.52
48	1.50	14.12
51	2.60	29.00
54	2.15	17.85
57	2.23	23.11
60	0.68	16.52
63	2.11	19.87
66	2.16	18.46
69	0.71	14.98
72	1.91	21.50
75	1.17	12.93
78	1.11	22.38
81	1.88	23.19
84	8.46	68.58
87	2.60	20.88
90	1.58	13.82
93	6.22	56.46
96	2.61	23.23
99	1.46	24.36
102	2.16	23.27
105	1.78	21.47
108	2.49	29.12
111	1.80	17.70
114	1.69	14.41
117	13.02	78.71
120	2.33	28.01
123	2.07	18.73
126	1.45	20.01
129	0.99	15.64
132	5.83	56.00
135	1.90	20.86
138	5.78	43.83
141	1.38	12.83
144	1.69	14.97
147	0.84	18.91
150	4.04	38.82
153	0.94	15.52
156	2.05	23.36
159	0.66	14.10
162	1.79	14.83
165	1.29	19.00
168	0.78	15.69
171	1.60	19.92
174	1.35	21.54
177	1.57	20.58
180	3.68	34.97
183	1.18	20.24
186	1.61	14.67
189	1.73	15.42
192	1.57	22.04
195	2.36	22.53
198	1.49	16.96
201	5.50	36.27
204	3.13	50.15
207	0.76	10.18
210	3.38	26.62
213	2.54	25.56
216	5.53	52.76
219	6.36	63.51
222	4.10	43.38
225	1.24	14.97
228	1.71	17.63
231	1.91	16.06
234	1.68	14.02
237	1.31	11.91
240	2.00	28.21
243	1.80	18.68
246	1.76	14.75
249	1.68	13.98
252	6.36	53.92
255	1.89	16.17
258	2.84	24.90
261	2.15	19.99
264	1.92	17.06
