2	5.47	51.82
5	12.20	70.30
8	3.63	33.44
11	2.38	35.95
14	2.02	22.36
17	1.15	13.81
20	1.43	19.01
23	6.70	56.37
26	1.14	17.41
29	2.05	31.13
32	1.25	20.42
35	2.03	20.21
38	2.48	42.75
41	1.17	12.95
44	3.66	57.10
47	0.54	15.13
50	1.57	14.40
53	1.80	23.28
56	3.10	31.38
59	0.25	21.06
62	1.21	15.78
65	1.88	17.87
68	1.65	14.40
71	1.92	19.20
74	0.92	12.86
77	2.24	23.06
80	1.75	15.84
83	0.88	15.26
86	3.36	30.75
89	1.65	18.43
92	1.52	23.43
95	1.75	21.00
98	1.92	21.88
101	3.82	36.79
104	12.02	60.08
107	1.63	13.64
110	0.00	6.80
113	1.62	13.64
116	1.42	15.79
119	1.17	17.28
122	4.32	32.60
125	1.90	15.36
128	2.04	20.02
131	2.10	25.15
134	3.25	30.20
137	1.53	13.59
140	1.56	14.05
143	1.48	12.95
146	1.33	15.05
149	1.90	23.10
152	1.18	14.22
155	3.67	38.12
158	1.78	15.32
161	1.71	15.08
164	1.64	14.66
167	0.92	15.07
170	1.69	14.32
173	0.94	15.62
176	10.99	69.14
179	1.25	14.70
182	0.90	18.12
185	1.34	17.75
188	1.19	16.00
191	3.47	27.82
194	5.79	47.72
197	3.03	33.48
200	2.53	24.53
203	4.16	46.60
206	2.97	35.58
209	2.15	18.83
212	1.33	17.79
215	6.97	64.40
218	2.87	29.35
221	2.36	22.94
224	1.61	13.99
227	1.60	19.91
230	1.72	16.01
233	1.77	15.26
236	1.39	12.53
239	1.48	13.32
242	1.23	17.23
245	4.48	50.78
248	0.99	18.33
251	2.20	26.51
254	0.98	21.68
257	2.23	19.74
260	1.14	16.26
263	1.46	12.85
